# 1584 pair frames
   1 A.GUA48        B.CYT13        G-C WC           19-XIX    cWW  cW-W
       28.377692      -149.863292        10.401723	# origin
       -0.679335         0.679287         0.277621	# x-axis
        0.369318        -0.010433         0.929245	# y-axis
        0.634120         0.733799        -0.243785	# z-axis
   2 A.URA49        B.ADE12        U-A WC           20-XX     cWW  cW-W
       29.477625      -147.287087         8.486737	# origin
       -0.469916         0.469735         0.747347	# x-axis
        0.690596        -0.331678         0.642703	# y-axis
        0.549779         0.818131        -0.168537	# z-axis
   3 A.CYT50        B.GUA11        C-G WC           19-XIX    cWW  cW-W
       29.969663      -144.101693         7.423144	# origin
       -0.115572         0.115545         0.986556	# x-axis
        0.854181        -0.495364         0.158081	# y-axis
        0.506970         0.860967        -0.041446	# z-axis
   4 A.GUA51        B.CYT10        G-C WC           19-XIX    cWW  cW-W
       30.268181      -140.723204         7.540135	# origin
        0.274366        -0.274417         0.921639	# x-axis
        0.809796        -0.450945        -0.375339	# y-axis
        0.518608         0.849320         0.098498	# z-axis
   5 A.GUA52        B.CYT9         G-C WC           19-XIX    cWW  cW-W
       30.847974      -137.625838         8.800766	# origin
        0.579853        -0.579640         0.572527	# x-axis
        0.571065        -0.212040        -0.793047	# y-axis
        0.581080         0.786801         0.208060	# z-axis
   6 A.URA53        B.ADE8         U-A WC           20-XX     cWW  cW-W
       32.097401      -135.198421        10.816398	# origin
        0.706358        -0.706305         0.046819	# x-axis
        0.211415         0.147383        -0.966221	# y-axis
        0.675546         0.692396         0.253428	# z-axis
   7 A.ADE54        B.URA7         A-U WC           20-XX     cWW  cW-W
       34.198125      -133.621821        12.966228	# origin
        0.615101        -0.615112        -0.493243	# x-axis
       -0.157889         0.516820        -0.841409	# y-axis
        0.772478         0.595428         0.220777	# z-axis
   8 A.ADE55        B.URA6         A-U WC           20-XX     cWW  cW-W
       37.068391      -132.816251        14.586031	# origin
        0.334345        -0.334249        -0.881187	# x-axis
       -0.423331         0.782100        -0.457286	# y-axis
        0.842024         0.525925         0.119993	# z-axis
   9 A.GUA56        B.CYT5         G-C WC           19-XIX    cWW  cW-W
       40.391947      -132.461918        15.178263	# origin
       -0.049579         0.049773        -0.997529	# x-axis
       -0.502765         0.861745         0.067986	# y-axis
        0.863000         0.504894        -0.017700	# z-axis
  10 A.GUA57        B.CYT4         G-C WC           19-XIX    cWW  cW-W
       43.709344      -132.102232        14.558289	# origin
       -0.418282         0.418315        -0.806258	# x-axis
       -0.371895         0.730958         0.572184	# y-axis
        0.828695         0.539177        -0.150177	# z-axis
  11 A.URA58        B.ADE3         U-A WC           20-XX     cWW  cW-W
       46.564727      -131.280749        12.918665	# origin
       -0.657918         0.657955        -0.366388	# x-axis
       -0.071176         0.430008         0.900015	# y-axis
        0.749719         0.618214        -0.236079	# z-axis
  12 A.GUA59        B.CYT2         G-C WC           19-XIX    cWW  cW-W
       48.644964      -129.684413        10.764536	# origin
       -0.694626         0.694779         0.186487	# x-axis
        0.306955         0.051812         0.950313	# y-axis
        0.650595         0.717355        -0.249256	# z-axis
  13 A.ADE60        B.URA1         A-U WC           20-XX     cWW  cW-W
       49.875415      -127.237517         8.760304	# origin
       -0.517384         0.517256         0.681733	# x-axis
        0.645715        -0.286814         0.707665	# y-axis
        0.561575         0.806340        -0.185607	# z-axis
  14 A.URA61        C.ADE8         U-A WC           20-XX     cWW  cW-W
       50.443587      -124.129499         7.523153	# origin
       -0.180354         0.180280         0.966939	# x-axis
        0.840814        -0.481857         0.246669	# y-axis
        0.510396         0.857504        -0.064677	# z-axis
  15 A.ADE62        C.URA7         A-U WC           20-XX     cWW  cW-W
       50.741012      -120.749322         7.435507	# origin
        0.212198        -0.212197         0.953910	# x-axis
        0.831906        -0.472947        -0.290264	# y-axis
        0.512742         0.855157         0.076169	# z-axis
  16 A.URA63        C.ADE6         U-A WC           20-XX     cWW  cW-W
       51.242897      -117.574552         8.523890	# origin
        0.539326        -0.539309         0.646740	# x-axis
        0.621871        -0.262778        -0.737715	# y-axis
        0.567806         0.800058         0.193658	# z-axis
  17 A.GUA64        C.CYT5         G-C WC           19-XIX    cWW  cW-W
       52.361126      -115.015989        10.452936	# origin
        0.700106        -0.700150         0.140152	# x-axis
        0.275285         0.083556        -0.957725	# y-axis
        0.658840         0.709090         0.251239	# z-axis
  18 A.ADE65        C.URA4         A-U WC           20-XX     cWW  cW-W
       54.318533      -113.296556        12.627358	# origin
        0.645028        -0.645151        -0.409535	# x-axis
       -0.100623         0.459555        -0.882431	# y-axis
        0.757505         0.610401         0.231509	# z-axis
  19 A.ADE66        C.URA3         A-U WC           20-XX     cWW  cW-W
       57.077492      -112.378233        14.377595	# origin
        0.391071        -0.391175        -0.833094	# x-axis
       -0.390397         0.749209        -0.535048	# y-axis
        0.833459         0.534479         0.140281	# z-axis
  20 A.CYT67        C.GUA2         C-G WC           19-XIX    cWW  cW-W
       60.355006      -111.978602        15.162869	# origin
        0.016542        -0.016620        -0.999725	# x-axis
       -0.504380         0.863183        -0.022696	# y-axis
        0.863323         0.504617         0.005896	# z-axis
  21 A.CYT68        C.GUA1         C-G WC           19-XIX    cWW  cW-W
       63.706462      -111.653513        14.742201	# origin
       -0.362951         0.363073        -0.858163	# x-axis
       -0.407431         0.766426         0.496580	# y-axis
        0.838013         0.529877        -0.130248	# z-axis
  22 A.GUA69        n.CYT33        G-C WC           19-XIX    cWW  cW-W
       66.666354      -110.936016        13.244406	# origin
       -0.630810         0.630722        -0.451960	# x-axis
       -0.129687         0.488578         0.862829	# y-axis
        0.765023         0.602894        -0.226404	# z-axis
  23 A.URA70        n.ADE32        U-A WC           20-XX     cWW  cW-W
       68.888127      -109.481130        11.131818	# origin
       -0.704014         0.703983         0.093655	# x-axis
        0.243442         0.115335         0.963034	# y-axis
        0.667158         0.700789        -0.252577	# z-axis
  24 A.URA71        n.ADE31        U-A WC           20-XX     cWW  cW-W
       70.254165      -107.170262         9.055460	# origin
       -0.560194         0.560124         0.610282	# x-axis
        0.596798        -0.238021         0.766276	# y-axis
        0.574469         0.793478        -0.200942	# z-axis
  25 A.ADE72        n.URA30        A-U WC           20-XX     cWW  cW-W
       70.909550      -104.148956         7.656093	# origin
       -0.243703         0.243398         0.938811	# x-axis
        0.821557        -0.462621         0.333206	# y-axis
        0.515415         0.852490        -0.087223	# z-axis
  26 A.URA73        n.ADE29        U-A WC           20-XX     cWW  cW-W
       71.219829      -100.781844         7.364733	# origin
        0.148103        -0.148166         0.977810	# x-axis
        0.848212        -0.489366        -0.202627	# y-axis
        0.508529         0.859400         0.053199	# z-axis
  27 A.ADE74        n.URA28        A-U WC           20-XX     cWW  cW-W
       71.655426       -97.540772         8.271043	# origin
        0.494225        -0.494069         0.715288	# x-axis
        0.668571        -0.309898        -0.676000	# y-axis
        0.555657         0.812317         0.177161	# z-axis
  28 A.ADE75        n.URA27        A-U WC           20-XX     cWW  cW-W
       72.649531       -94.857483        10.096385	# origin
        0.687745        -0.687792         0.232270	# x-axis
        0.338374         0.020644        -0.940785	# y-axis
        0.642270         0.725614         0.246928	# z-axis
  29 A.GUA1462      n.CYT26        G-C WC           19-XIX    cWW  cW-W
       74.461716       -92.993239        12.276978	# origin
        0.669379        -0.669330        -0.322381	# x-axis
       -0.041110         0.399901        -0.915636	# y-axis
        0.741783         0.626161         0.240169	# z-axis
  30 A.GUA1463      n.CYT25        G-C WC           19-XIX    cWW  cW-W
       77.100880       -91.955624        14.141184	# origin
        0.444467        -0.444668        -0.777637	# x-axis
       -0.352449         0.711275        -0.608167	# y-axis
        0.823546         0.544388         0.159415	# z-axis
  31 A.CYT1464      n.GUA24        C-G WC           19-XIX    cWW  cW-W
       80.320330       -91.497260        15.114102	# origin
        0.082780        -0.082711        -0.993130	# x-axis
       -0.499788         0.858722        -0.113176	# y-axis
        0.862183         0.505723         0.029747	# z-axis
  32 A.ADE1465      n.URA23        A-U WC           20-XX     cWW  cW-W
       83.693080       -91.193484        14.895443	# origin
       -0.304554         0.304729        -0.902434	# x-axis
       -0.437864         0.796606         0.416765	# y-axis
        0.845885         0.522071        -0.109179	# z-axis
  33 A.ADE1466      n.URA22        A-U WC           20-XX     cWW  cW-W
       86.746963       -90.570560        13.552646	# origin
       -0.598060         0.598153        -0.533421	# x-axis
       -0.185419         0.544246         0.818179	# y-axis
        0.779708         0.588226        -0.214583	# z-axis
  34 A.ADE1467      n.URA21        A-U WC           20-XX     cWW  cW-W
       89.107321       -89.253551        11.499834	# origin
       -0.707125         0.707088        -0.000000	# x-axis
        0.179436         0.179445         0.967265	# y-axis
        0.683942         0.683978        -0.253767	# z-axis
  35 A.URA1468      n.ADE20        U-A WC           20-XX     cWW  cW-W
       90.612746       -87.082079         9.370153	# origin
       -0.598086         0.598137         0.533409	# x-axis
        0.544275        -0.185398         0.818164	# y-axis
        0.588267         0.779654        -0.214667	# z-axis
  36 A.CYT1469      n.GUA19        C-G WC           19-XIX    cWW  cW-W
       91.365884       -84.158763         7.820064	# origin
       -0.304645         0.304776         0.902387	# x-axis
        0.796701        -0.437671         0.416787	# y-axis
        0.521975         0.845905        -0.109481	# z-axis
  37 A.CYT1470      n.GUA18        C-G WC           19-XIX    cWW  cW-W
       91.701986       -80.817399         7.327582	# origin
        0.082694        -0.082716         0.993136	# x-axis
        0.858674        -0.499880        -0.113132	# y-axis
        0.505807         0.862136         0.029689	# z-axis
  38 A.GUA1471      n.CYT17        G-C WC           19-XIX    cWW  cW-W
       92.083740       -77.522944         8.044225	# origin
        0.444610        -0.444581         0.777606	# x-axis
        0.711221        -0.352512        -0.608195	# y-axis
        0.544507         0.823458         0.159465	# z-axis
  39 A.GUA1472      n.CYT16        G-C WC           19-XIX    cWW  cW-W
       92.960646       -74.721994         9.749713	# origin
        0.669351        -0.669377         0.322340	# x-axis
        0.399979        -0.040950        -0.915609	# y-axis
        0.626088         0.741793         0.240327	# z-axis
  40 A.ADE1473      n.URA15        A-U WC           20-XX     cWW  cW-W
       94.629055       -72.713643        11.917534	# origin
        0.687732        -0.687781        -0.232341	# x-axis
        0.020557         0.338367        -0.940790	# y-axis
        0.725673         0.642235         0.246844	# z-axis
  41 A.ADE1474      n.URA14        A-U WC           20-XX     cWW  cW-W
       97.141023       -71.548731        13.879883	# origin
        0.494062        -0.494125        -0.715362	# x-axis
       -0.309812         0.668728        -0.675884	# y-axis
        0.812354         0.555557         0.177308	# z-axis
  42 A.ADE1475      n.URA13        A-U WC           20-XX     cWW  cW-W
      100.289170       -71.020600        15.031080	# origin
        0.148110        -0.148029        -0.977830	# x-axis
       -0.489463         0.848177        -0.202539	# y-axis
        0.859354         0.508610         0.053168	# z-axis
  43 A.ADE1476      n.URA12        A-U WC           20-XX     cWW  cW-W
      103.670304       -70.724416        15.016369	# origin
       -0.243560         0.243577        -0.938802	# x-axis
       -0.462654         0.821547         0.333184	# y-axis
        0.852426         0.515491        -0.087404	# z-axis
  44 A.URA1477      n.ADE11        U-A WC           20-XX     cWW  cW-W
      106.808341       -70.184321        13.840384	# origin
       -0.560046         0.560194        -0.610353	# x-axis
       -0.238053         0.596845         0.766229	# y-axis
        0.793523         0.574420        -0.200905	# z-axis
  45 A.CYT1478      n.GUA10        C-G WC           19-XIX    cWW  cW-W
      109.301136       -69.001512        11.865967	# origin
       -0.703956         0.704048        -0.093613	# x-axis
        0.115451         0.243481         0.963010	# y-axis
        0.700798         0.667109        -0.252683	# z-axis
  46 A.ADE1479      n.URA9         A-U WC           20-XX     cWW  cW-W
      110.949764       -66.972503         9.701566	# origin
       -0.630731         0.630800         0.451963	# x-axis
        0.488619        -0.129633         0.862813	# y-axis
        0.602852         0.765041        -0.226457	# z-axis
  47 A.ADE1480      m.URA22        A-U WC           20-XX     cWW  cW-W
      111.810346       -64.156107         8.014791	# origin
       -0.363170         0.363043         0.858084	# x-axis
        0.766311        -0.407472         0.496724	# y-axis
        0.529977         0.837954        -0.130222	# z-axis
  48 A.GUA1481      m.CYT21        G-C WC           19-XIX    cWW  cW-W
      112.185657       -60.854799         7.325060	# origin
        0.016623        -0.016522         0.999725	# x-axis
        0.863157        -0.504426        -0.022689	# y-axis
        0.504662         0.863297         0.005876	# z-axis
  49 A.GUA1482      m.CYT20        G-C WC           19-XIX    cWW  cW-W
      112.526516       -57.518533         7.846059	# origin
        0.391101        -0.391097         0.833117	# x-axis
        0.749222        -0.390435        -0.535002	# y-axis
        0.534515         0.833429         0.140319	# z-axis
  50 A.CYT1483      m.GUA19        C-G WC           19-XIX    cWW  cW-W
      113.294543       -54.610198         9.416347	# origin
        0.645114        -0.645081         0.409510	# x-axis
        0.459548        -0.100616        -0.882435	# y-axis
        0.610445         0.757461         0.231537	# z-axis
  51 A.URA1484      m.ADE18        U-A WC           20-XX     cWW  cW-W
      114.819826       -52.458452        11.552017	# origin
        0.700121        -0.700125        -0.140199	# x-axis
        0.083587         0.275365        -0.957699	# y-axis
        0.709115         0.658786         0.251310	# z-axis
  52 A.GUA1485      m.CYT17        G-C WC           19-XIX    cWW  cW-W
      117.199423       -51.160482        13.594752	# origin
        0.539196        -0.539302        -0.646854	# x-axis
       -0.262915         0.621893        -0.737648	# y-axis
        0.800089         0.567805         0.193532	# z-axis
  53 A.ADE1486      m.URA16        A-U WC           20-XX     cWW  cW-W
      120.265961       -50.550059        14.914553	# origin
        0.212218        -0.212169        -0.953912	# x-axis
       -0.472931         0.831920        -0.290249	# y-axis
        0.855161         0.512731         0.076207	# z-axis
  54 A.GUA1487      m.CYT15        G-C WC           19-XIX    cWW  cW-W
      123.640920       -50.247944        15.103892	# origin
       -0.180238         0.180401        -0.966938	# x-axis
       -0.481899         0.840783         0.246691	# y-axis
        0.857489         0.510430        -0.064606	# z-axis
  55 A.GUA1488      m.CYT14        G-C WC           19-XIX    cWW  cW-W
      126.850437       -49.781240        14.106060	# origin
       -0.517249         0.517380        -0.681742	# x-axis
       -0.286905         0.645661         0.707677	# y-axis
        0.806312         0.561641        -0.185528	# z-axis
  56 A.CYT1489      m.GUA13        C-G WC           19-XIX    cWW  cW-W
      129.471961       -48.725829        12.226563	# origin
       -0.694734         0.694683        -0.186443	# x-axis
        0.051913         0.306965         0.950304	# y-axis
        0.717391         0.650529        -0.249323	# z-axis
  57 A.GUA1490      m.CYT12        G-C WC           19-XIX    cWW  cW-W
      131.264035       -46.840504        10.046560	# origin
       -0.657999         0.657868         0.366398	# x-axis
        0.430014        -0.071160         0.900013	# y-axis
        0.618163         0.749764        -0.236069	# z-axis
  58 A.URA1491      o.ADE27        U-A WC           20-XX     cWW  cW-W
      132.240950       -44.140938         8.237159	# origin
       -0.418336         0.418248         0.806265	# x-axis
        0.730918        -0.371958         0.572194	# y-axis
        0.539216         0.828683        -0.150102	# z-axis
  59 A.GUA1492      o.CYT26        G-C WC           19-XIX    cWW  cW-W
      132.668166       -40.890896         7.357151	# origin
       -0.049687         0.049675         0.997529	# x-axis
        0.861761        -0.502742         0.067960	# y-axis
        0.504876         0.863008        -0.017828	# z-axis
  60 A.ADE1493      o.URA25        A-U WC           20-XX     cWW  cW-W
      132.981128       -37.526946         7.677601	# origin
        0.334205        -0.334273         0.881231	# x-axis
        0.782175        -0.423284        -0.457201	# y-axis
        0.525841         0.842076         0.119997	# z-axis
  61 A.URA1494      o.ADE24        U-A WC           20-XX     cWW  cW-W
      133.650001       -34.518563         9.099037	# origin
        0.615102        -0.615094         0.493264	# x-axis
        0.516807        -0.157938        -0.841407	# y-axis
        0.595450         0.772473         0.220737	# z-axis
  62 A.GUA1495      o.CYT23        G-C WC           19-XIX    cWW  cW-W
      135.035631       -32.227185        11.183950	# origin
        0.706310        -0.706350        -0.046846	# x-axis
        0.147429         0.211500        -0.966195	# y-axis
        0.692380         0.675527         0.253521	# z-axis
  63 A.ADE1496      o.URA22        A-U WC           20-XX     cWW  cW-W
      137.277458       -30.792020        13.289118	# origin
        0.579767        -0.579820        -0.572433	# x-axis
       -0.212078         0.570954        -0.793117	# y-axis
        0.786698         0.581223         0.208053	# z-axis
  64 A.CYT1497      o.GUA21        C-G WC           19-XIX    cWW  cW-W
      140.251104       -30.088361        14.765811	# origin
        0.274493        -0.274471        -0.921585	# x-axis
       -0.450952         0.809730        -0.375473	# y-axis
        0.849292         0.518655         0.098492	# z-axis
  65 A.GUA1498      o.CYT20        G-C WC           19-XIX    cWW  cW-W
      143.606384       -29.767394        15.158080	# origin
       -0.115556         0.115573        -0.986555	# x-axis
       -0.495357         0.854184         0.158087	# y-axis
        0.860969         0.506965        -0.041456	# z-axis
  66 A.ADE1499      o.URA19        A-U WC           20-XX     cWW  cW-W
      146.876123       -29.360091        14.345588	# origin
       -0.469767         0.469904        -0.747335	# x-axis
       -0.331728         0.690554         0.642723	# y-axis
        0.818093         0.549841        -0.168519	# z-axis
  67 A.URA104       F.ADE40        U-A WC           20-XX     cWW  cW-W
       10.401733      -149.863457       -28.877591	# origin
        0.277643         0.679273         0.679340	# x-axis
        0.929270        -0.010540        -0.369250	# y-axis
       -0.243661         0.733810        -0.634155	# z-axis
  68 A.GUA105       F.CYT39        G-C WC           19-XIX    cWW  cW-W
        8.486858      -147.286610       -29.977941	# origin
        0.747311         0.469881         0.469828	# x-axis
        0.642708        -0.331658        -0.690601	# y-axis
       -0.168678         0.818056        -0.549848	# z-axis
  69 A.URA106       F.ADE38        U-A WC           20-XX     cWW  cW-W
        7.423499      -144.102147       -30.469409	# origin
        0.986552         0.115525         0.115624	# x-axis
        0.158111        -0.495255        -0.854238	# y-axis
       -0.041423         0.861032        -0.506861	# z-axis
  70 A.GUA107       F.CYT37        G-C WC           19-XIX    cWW  cW-W
        7.540135      -140.723204       -30.768181	# origin
        0.921639        -0.274417        -0.274366	# x-axis
       -0.375339        -0.450945        -0.809796	# y-axis
        0.098498         0.849320        -0.518608	# z-axis
  71 A.URA108       F.ADE36        U-A WC           20-XX     cWW  cW-W
        8.800908      -137.626283       -31.348048	# origin
        0.572451        -0.579726        -0.579842	# x-axis
       -0.793112        -0.212085        -0.570959	# y-axis
        0.208024         0.786726        -0.581196	# z-axis
  72 A.URA109       F.ADE35        U-A WC           20-XX     cWW  cW-W
       10.816398      -135.198421       -32.597401	# origin
        0.046819        -0.706305        -0.706358	# x-axis
       -0.966221         0.147383        -0.211415	# y-axis
        0.253428         0.692396        -0.675546	# z-axis
  73 A.URA110       F.ADE34        U-A WC           20-XX     cWW  cW-W
       12.965655      -133.622387       -34.698227	# origin
       -0.493243        -0.615047        -0.615165	# x-axis
       -0.841419         0.516775         0.157979	# y-axis
        0.220737         0.595534        -0.772408	# z-axis
  74 A.CYT111       F.GUA33        C-G WC           19-XIX    cWW  cW-W
       14.586125      -132.816104       -37.568973	# origin
       -0.881236        -0.334212        -0.334254	# x-axis
       -0.457190         0.782203         0.423243	# y-axis
        0.120002         0.525795        -0.842104	# z-axis
  75 A.GUA112       F.CYT32        G-C WC           19-XIX    cWW  cW-W
       15.178263      -132.461918       -40.891947	# origin
       -0.997529         0.049773         0.049579	# x-axis
        0.067986         0.861745         0.502765	# y-axis
       -0.017700         0.504894        -0.863000	# z-axis
  76 A.ADE113       F.URA31        A-U WC           20-XX     cWW  cW-W
       14.558215      -132.102309       -44.208824	# origin
       -0.806269         0.418220         0.418357	# x-axis
        0.572179         0.730858         0.372099	# y-axis
       -0.150141         0.539387        -0.828565	# z-axis
  77 A.CYT114       F.GUA30        C-G WC           19-XIX    cWW  cW-W
       12.918629      -131.280950       -47.064642	# origin
       -0.366447         0.657935         0.657904	# x-axis
        0.899988         0.430058         0.071207	# y-axis
       -0.236088         0.618200        -0.749728	# z-axis
  78 A.ADE115       F.URA29        A-U WC           20-XX     cWW  cW-W
       10.764792      -129.684680       -49.144526	# origin
        0.186440         0.694709         0.694709	# x-axis
        0.950342         0.051818        -0.306863	# y-axis
       -0.249178         0.717422        -0.650550	# z-axis
  79 A.CYT116       F.GUA28        C-G WC           19-XIX    cWW  cW-W
        8.760103      -127.237872       -50.375518	# origin
        0.681817         0.517293         0.517236	# x-axis
        0.707569        -0.286901        -0.645782	# y-axis
       -0.185663         0.806285        -0.561635	# z-axis
  80 A.ADE117       D.URA11        A-U WC           20-XX     cWW  cW-W
        7.523421      -124.129033       -50.943615	# origin
        0.966937         0.180353         0.180295	# x-axis
        0.246659        -0.481909        -0.840787	# y-axis
       -0.064753         0.857459        -0.510462	# z-axis
  81 A.CYT118       D.GUA10        C-G WC           19-XIX    cWW  cW-W
        7.435514      -120.749709       -51.240800	# origin
        0.953907        -0.212403        -0.212006	# x-axis
       -0.290218        -0.473091        -0.831841	# y-axis
        0.076387         0.855027        -0.512927	# z-axis
  82 A.URA119       D.ADE9         U-A WC           20-XX     cWW  cW-W
        8.523890      -117.574552       -51.742897	# origin
        0.646740        -0.539309        -0.539326	# x-axis
       -0.737715        -0.262778        -0.621871	# y-axis
        0.193658         0.800058        -0.567806	# z-axis
  83 A.ADE120       D.URA8         A-U WC           20-XX     cWW  cW-W
       10.452934      -115.016023       -52.861603	# origin
        0.140263        -0.700060        -0.700173	# x-axis
       -0.957697         0.083545        -0.275384	# y-axis
        0.251281         0.709180        -0.658728	# z-axis
  84 A.URA121       D.ADE7         U-A WC           20-XX     cWW  cW-W
       12.627354      -113.296697       -54.818263	# origin
       -0.409659        -0.645069        -0.645031	# x-axis
       -0.882369         0.459656         0.100709	# y-axis
        0.231528         0.610412        -0.757491	# z-axis
  85 A.CYT122       D.GUA6         C-G WC           19-XIX    cWW  cW-W
       14.377226      -112.378452       -57.577513	# origin
       -0.833133        -0.391076        -0.391087	# x-axis
       -0.534975         0.749239         0.390440	# y-axis
        0.140326         0.534510        -0.833431	# z-axis
  86 A.ADE123       D.URA5         A-U WC           20-XX     cWW  cW-W
       15.162869      -111.978629       -60.854899	# origin
       -0.999725        -0.016615        -0.016548	# x-axis
       -0.022694         0.863209         0.504337	# y-axis
        0.005905         0.504574        -0.863348	# z-axis
  87 A.URA124       D.ADE4         U-A WC           20-XX     cWW  cW-W
       14.742319      -111.653371       -64.206913	# origin
       -0.858095         0.363100         0.363087	# x-axis
        0.496693         0.766306         0.407518	# y-axis
       -0.130266         0.530031        -0.837913	# z-axis
  88 A.URA125       D.ADE3         U-A WC           20-XX     cWW  cW-W
       13.244284      -110.935912       -67.166814	# origin
       -0.451966         0.630798         0.630730	# x-axis
        0.862852         0.488529         0.129717	# y-axis
       -0.226305         0.602854        -0.765084	# z-axis
  89 A.ADE126       D.URA2         A-U WC           20-XX     cWW  cW-W
       11.131942      -109.481116       -69.388026	# origin
        0.093634         0.704055         0.703945	# x-axis
        0.963027         0.115350        -0.243463	# y-axis
       -0.252611         0.700714        -0.667223	# z-axis
  90 A.ADE127       D.URA1         A-U WC           20-XX     cWW  cW-W
        9.055534      -107.170338       -70.754162	# origin
        0.610333         0.560183         0.560078	# x-axis
        0.766218        -0.238075        -0.596850	# y-axis
       -0.201005         0.793420        -0.574528	# z-axis
  91 A.CYT128       E.GUA8         C-G WC           19-XIX    cWW  cW-W
        7.656004      -104.148723       -71.409863	# origin
        0.938806         0.243484         0.243638	# x-axis
        0.333205        -0.462723        -0.821500	# y-axis
       -0.087285         0.852410        -0.515537	# z-axis
  92 A.URA129       E.ADE7         U-A WC           20-XX     cWW  cW-W
        7.364733      -100.781844       -71.719829	# origin
        0.977810        -0.148166        -0.148103	# x-axis
       -0.202627        -0.489366        -0.848212	# y-axis
        0.053199         0.859400        -0.508529	# z-axis
  93 A.GUA130       E.CYT6         G-C WC           19-XIX    cWW  cW-W
        8.270871       -97.540407       -72.155171	# origin
        0.715357        -0.494094        -0.494101	# x-axis
       -0.675894        -0.309870        -0.668691	# y-axis
        0.177289         0.812312        -0.555624	# z-axis
  94 A.ADE131       E.URA5         A-U WC           20-XX     cWW  cW-W
       10.096385       -94.857483       -73.149531	# origin
        0.232270        -0.687792        -0.687745	# x-axis
       -0.940785         0.020644        -0.338374	# y-axis
        0.246928         0.725614        -0.642270	# z-axis
  95 A.ADE132       E.URA4         A-U WC           20-XX     cWW  cW-W
       12.276919       -92.993364       -74.961906	# origin
       -0.322300        -0.669404        -0.669343	# x-axis
       -0.915676         0.399814         0.041062	# y-axis
        0.240126         0.626136        -0.741818	# z-axis
  96 A.URA133       E.ADE3         U-A WC           20-XX     cWW  cW-W
       14.141088       -91.955485       -77.601173	# origin
       -0.777615        -0.444642        -0.444531	# x-axis
       -0.608171         0.711299         0.352393	# y-axis
        0.159505         0.544377        -0.823536	# z-axis
  97 A.CYT134       E.GUA2         C-G WC           19-XIX    cWW  cW-W
       15.114102       -91.497260       -80.820330	# origin
       -0.993130        -0.082711        -0.082780	# x-axis
       -0.113176         0.858722         0.499788	# y-axis
        0.029747         0.505723        -0.862183	# z-axis
  98 A.CYT135       E.GUA1         C-G WC           19-XIX    cWW  cW-W
       14.895451       -91.193371       -84.193169	# origin
       -0.902436         0.304636         0.304641	# x-axis
        0.416714         0.796698         0.437746	# y-axis
       -0.109353         0.521986        -0.845915	# z-axis
  99 A.ADE136       a.URA33        A-U WC           20-XX     cWW  cW-W
       13.552646       -90.570560       -87.246963	# origin
       -0.533421         0.598153         0.598060	# x-axis
        0.818179         0.544246         0.185419	# y-axis
       -0.214583         0.588226        -0.779708	# z-axis
 100 A.URA137       a.ADE32        U-A WC           20-XX     cWW  cW-W
       11.500163       -89.253733       -89.607228	# origin
        0.000014         0.707086         0.707128	# x-axis
        0.967257         0.179460        -0.179468	# y-axis
       -0.253800         0.683977        -0.683931	# z-axis
 101 A.ADE138       a.URA31        A-U WC           20-XX     cWW  cW-W
        9.370486       -87.082103       -91.112222	# origin
        0.533385         0.598105         0.598139	# x-axis
        0.818214        -0.185472        -0.544174	# y-axis
       -0.214535         0.779660        -0.588307	# z-axis
 102 A.GUA139       a.CYT30        G-C WC           19-XIX    cWW  cW-W
        7.820466       -84.158031       -91.866205	# origin
        0.902399         0.304704         0.304684	# x-axis
        0.416794        -0.437765        -0.796646	# y-axis
       -0.109361         0.845883        -0.522037	# z-axis
 103 A.GUA140       a.CYT29        G-C WC           19-XIX    cWW  cW-W
        7.327890       -80.817213       -92.202412	# origin
        0.993151        -0.082610        -0.082629	# x-axis
       -0.113020        -0.499820        -0.858724	# y-axis
        0.029640         0.862181        -0.505733	# z-axis
 104 A.URA141       a.ADE28        U-A WC           20-XX     cWW  cW-W
        8.044846       -77.522319       -92.584154	# origin
        0.777669        -0.444598        -0.444481	# x-axis
       -0.608098        -0.352567        -0.711276	# y-axis
        0.159523         0.823425        -0.544539	# z-axis
 105 A.URA934       a.ADE27        U-A WC           20-XX     cWW  cW-W
        9.749834       -74.722390       -93.460985	# origin
        0.322337        -0.669337        -0.669393	# x-axis
       -0.915643        -0.041024        -0.399894	# y-axis
        0.240203         0.741825        -0.626097	# z-axis
 106 A.CYT935       a.GUA26        C-G WC           19-XIX    cWW  cW-W
       11.917390       -72.713768       -95.128855	# origin
       -0.232332        -0.687727        -0.687789	# x-axis
       -0.940782         0.338388        -0.020566	# y-axis
        0.246883         0.642281        -0.725620	# z-axis
 107 A.CYT936       a.GUA25        C-G WC           19-XIX    cWW  cW-W
       13.879385       -71.549176       -97.641159	# origin
       -0.715289        -0.494212        -0.494081	# x-axis
       -0.675985         0.668610         0.309847	# y-axis
        0.177217         0.555621        -0.812330	# z-axis
 108 A.GUA937       a.CYT24        G-C WC           19-XIX    cWW  cW-W
       15.030666       -71.020408      -100.789718	# origin
       -0.977833        -0.148126        -0.147989	# x-axis
       -0.202550         0.848278         0.489283	# y-axis
        0.053060         0.508412        -0.859478	# z-axis
 109 A.URA938       a.ADE23        U-A WC           20-XX     cWW  cW-W
       15.016237       -70.724236      -104.170239	# origin
       -0.938803         0.243586         0.243544	# x-axis
        0.333189         0.821519         0.462701	# y-axis
       -0.087369         0.515531        -0.852405	# z-axis
 110 A.CYT939       a.GUA22        C-G WC           19-XIX    cWW  cW-W
       13.840398       -70.184728      -107.307747	# origin
       -0.610246         0.560116         0.560240	# x-axis
        0.766257         0.596859         0.237925	# y-axis
       -0.201119         0.574481        -0.793425	# z-axis
 111 A.GUA940       a.CYT21        G-C WC           19-XIX    cWW  cW-W
       11.866118       -69.001912      -109.801373	# origin
       -0.093619         0.703961         0.704041	# x-axis
        0.963036         0.243430        -0.115344	# y-axis
       -0.252582         0.667218        -0.700730	# z-axis
 112 A.URA941       a.ADE20        U-A WC           20-XX     cWW  cW-W
        9.701689       -66.972704      -111.449530	# origin
        0.451928         0.630803         0.630753	# x-axis
        0.862862        -0.129709        -0.488513	# y-axis
       -0.226341         0.765025        -0.602915	# z-axis
 113 A.GUA942       a.CYT19        G-C WC           19-XIX    cWW  cW-W
        8.014474       -64.156254      -112.310657	# origin
        0.858143         0.363032         0.363041	# x-axis
        0.496600        -0.407456        -0.766399	# y-axis
       -0.130304         0.837966        -0.529937	# z-axis
 114 A.ADE943       a.URA18        A-U WC           20-XX     cWW  cW-W
        7.325188       -60.854382      -112.685901	# origin
        0.999724        -0.016687        -0.016534	# x-axis
       -0.022694        -0.504279        -0.863243	# y-axis
        0.006067         0.863380        -0.504518	# z-axis
 115 A.ADE944       a.URA17        A-U WC           20-XX     cWW  cW-W
        7.846186       -57.519011      -113.026418	# origin
        0.833133        -0.391190        -0.390972	# x-axis
       -0.534942        -0.390445        -0.749260	# y-axis
        0.140450         0.833381        -0.534556	# z-axis
 116 A.GUA945       a.CYT16        G-C WC           19-XIX    cWW  cW-W
        9.416339       -54.609601      -113.794580	# origin
        0.409566        -0.645140        -0.645019	# x-axis
       -0.882405        -0.100688        -0.459591	# y-axis
        0.231554         0.757401        -0.610513	# z-axis
 117 A.ADE946       a.URA15        A-U WC           20-XX     cWW  cW-W
       11.551994       -52.458391      -115.319936	# origin
       -0.140243        -0.700159        -0.700079	# x-axis
       -0.957709         0.275348        -0.083527	# y-axis
        0.251248         0.658757        -0.709164	# z-axis
 118 A.GUA947       a.CYT14        G-C WC           19-XIX    cWW  cW-W
       13.594752       -51.160482      -117.699423	# origin
       -0.646854        -0.539302        -0.539196	# x-axis
       -0.737648         0.621893         0.262915	# y-axis
        0.193532         0.567805        -0.800089	# z-axis
 119 A.GUA948       a.CYT13        G-C WC           19-XIX    cWW  cW-W
       14.914220       -50.550336      -120.765836	# origin
       -0.953926        -0.212269        -0.212054	# x-axis
       -0.290253         0.831903         0.472959	# y-axis
        0.076014         0.512717        -0.855186	# z-axis
 120 A.GUA949       a.CYT12        G-C WC           19-XIX    cWW  cW-W
       15.103892       -50.247944      -124.140920	# origin
       -0.966938         0.180401         0.180238	# x-axis
        0.246691         0.840783         0.481899	# y-axis
       -0.064606         0.510430        -0.857489	# z-axis
 121 A.ADE950       a.URA11        A-U WC           20-XX     cWW  cW-W
       14.105761       -49.781215      -127.349823	# origin
       -0.681736         0.517243         0.517392	# x-axis
        0.707658         0.645654         0.286970	# y-axis
       -0.185623         0.561775        -0.806197	# z-axis
 122 A.ADE951       a.URA10        A-U WC           20-XX     cWW  cW-W
       12.226578       -48.725291      -129.971796	# origin
       -0.186488         0.694764         0.694640	# x-axis
        0.950316         0.306937        -0.051863	# y-axis
       -0.249244         0.650456        -0.717485	# z-axis
 123 A.ADE952       a.URA9         A-U WC           20-XX     cWW  cW-W
       10.046518       -46.840708      -131.763811	# origin
        0.366373         0.657921         0.657959	# x-axis
        0.900026        -0.071183        -0.429985	# y-axis
       -0.236061         0.749715        -0.618225	# z-axis
 124 A.CYT953       c.GUA54        C-G WC           19-XIX    cWW  cW-W
        8.237308       -44.140433      -132.741229	# origin
        0.806216         0.418429         0.418250	# x-axis
        0.572226        -0.371979        -0.730882	# y-axis
       -0.150242         0.828583        -0.539331	# z-axis
 125 A.ADE954       c.URA53        A-U WC           20-XX     cWW  cW-W
        7.357196       -40.890900      -133.168314	# origin
        0.997531         0.049712         0.049611	# x-axis
        0.067917        -0.502897        -0.861674	# y-axis
       -0.017887         0.862915        -0.505032	# z-axis
 126 A.ADE955       c.URA52        A-U WC           20-XX     cWW  cW-W
        7.677601       -37.526946      -133.481128	# origin
        0.881231        -0.334273        -0.334205	# x-axis
       -0.457201        -0.423284        -0.782175	# y-axis
        0.119997         0.842076        -0.525841	# z-axis
 127 A.CYT956       c.GUA51        C-G WC           19-XIX    cWW  cW-W
        9.099252       -34.518494      -134.150155	# origin
        0.493233        -0.615110        -0.615110	# x-axis
       -0.841436        -0.157962        -0.516753	# y-axis
        0.220696         0.772455        -0.595488	# z-axis
 128 A.CYT957       c.GUA50        C-G WC           19-XIX    cWW  cW-W
       11.184214       -32.226993      -135.535743	# origin
       -0.046907        -0.706295        -0.706362	# x-axis
       -0.966198         0.211536        -0.147354	# y-axis
        0.253497         0.675574        -0.692343	# z-axis
